UNITS=MM
#Layer_Color=9474304
#
#Feature symbol names
#
$0 r127

#
#Feature attribute names
#

#
#Layer features
#
L 100.27552716 91.3484711 100.87552596 91.3484711 0 P 0
L 100.57552656 91.0484717 100.57552656 91.6484705 0 P 0
L 102.27552824 83.09847236 102.87552704 83.09847236 0 P 0
L 102.57552764 82.79847296 102.57552764 83.39847176 0 P 0
L 102.86800102 73.787 103.88799898 73.787 0 P 0
L 103.378 73.27700102 103.378 74.29699898 0 P 0
L 104.7290006 93.345 105.3289994 93.345 0 P 0
L 105.029 93.0450006 105.029 93.6449994 0 P 0
L 105.40800102 73.787 106.42799898 73.787 0 P 0
L 105.918 73.27700102 105.918 74.29699898 0 P 0
L 118.1910006 91.694 118.7909994 91.694 0 P 0
L 118.36200102 73.66 119.38199898 73.66 0 P 0
L 118.36200102 76.2 119.38199898 76.2 0 P 0
L 118.491 91.3940006 118.491 91.9939994 0 P 0
L 118.872 73.15000102 118.872 74.16999898 0 P 0
L 118.872 75.69000102 118.872 76.70999898 0 P 0
L 119.9500014 100.00000066 120.5500002 100.00000066 0 P 0
L 120.2500008 99.70000126 120.2500008 100.30000006 0 P 0
L 120.90200102 73.66 121.92199898 73.66 0 P 0
L 120.90200102 76.2 121.92199898 76.2 0 P 0
L 121.412 73.15000102 121.412 74.16999898 0 P 0
L 121.412 75.69000102 121.412 76.70999898 0 P 0
L 123.44200102 73.66 124.46199898 73.66 0 P 0
L 123.44200102 76.2 124.46199898 76.2 0 P 0
L 123.952 73.15000102 123.952 74.16999898 0 P 0
L 123.952 75.69000102 123.952 76.70999898 0 P 0
L 126.4500011 91.25000038 127.0499999 91.25000038 0 P 0
L 126.4500011 93.2800014 127.0499999 93.2800014 0 P 0
L 126.7500005 90.95000098 126.7500005 91.54999978 0 P 0
L 126.7500005 92.980002 126.7500005 93.5800008 0 P 0
L 126.9500001 105.25000032 127.5499989 105.25000032 0 P 0
L 127.2499995 104.95000092 127.2499995 105.54999972 0 P 0
L 128.44999964 89.75000084 129.04999844 89.75000084 0 P 0
L 128.74999904 89.45000144 128.74999904 90.05000024 0 P 0
L 129.2400006 88.138 129.8399994 88.138 0 P 0
L 129.54 87.8380006 129.54 88.4379994 0 P 0
L 133.70000184 86.00000072 134.30000064 86.00000072 0 P 0
L 134.00000124 85.70000132 134.00000124 86.30000012 0 P 0
L 134.53352824 77.38347236 135.13352704 77.38347236 0 P 0
L 134.83352764 77.08347296 134.83352764 77.68347176 0 P 0
L 136.7330006 77.343 137.3329994 77.343 0 P 0
L 137.033 77.0430006 137.033 77.6429994 0 P 0
L 139.0190006 85.53699936 139.6189994 85.53699936 0 P 0
L 139.0190006 87.03700144 139.6189994 87.03700144 0 P 0
L 139.319 85.23699996 139.319 85.83699876 0 P 0
L 139.319 86.73700204 139.319 87.33700084 0 P 0
L 140.724001 96.774 141.723999 96.774 0 P 0
L 140.724001 99.695 141.723999 99.695 0 P 0
L 141.224 96.274001 141.224 97.273999 0 P 0
L 141.224 99.195001 141.224 100.194999 0 P 0
L 143.30000042 71.24500102 145.19999662 71.24500102 0 P 0
L 143.30000042 78.2549997 145.19999662 78.2549997 0 P 0
L 143.30000042 108.74499968 145.19999662 108.74499968 0 P 0
L 143.30000042 115.75499836 145.19999662 115.75499836 0 P 0
L 144.24999852 70.29500292 144.24999852 72.19499912 0 P 0
L 144.24999852 77.3050016 144.24999852 79.2049978 0 P 0
L 144.24999852 107.79500158 144.24999852 109.69499778 0 P 0
L 144.24999852 114.80500026 144.24999852 116.70499646 0 P 0
L 148.30000058 71.24500102 150.19999678 71.24500102 0 P 0
L 148.30000058 78.2549997 150.19999678 78.2549997 0 P 0
L 148.30000058 108.74499968 150.19999678 108.74499968 0 P 0
L 148.30000058 115.75499836 150.19999678 115.75499836 0 P 0
L 149.24999868 70.29500292 149.24999868 72.19499912 0 P 0
L 149.24999868 77.3050016 149.24999868 79.2049978 0 P 0
L 149.24999868 107.79500158 149.24999868 109.69499778 0 P 0
L 149.24999868 114.80500026 149.24999868 116.70499646 0 P 0
