UNITS=MM
#Layer_Color=16711935
#
#Feature symbol names
#
$0 r99.9998
$1 r127
$2 r25.4
$3 r199.9996
$4 r76.2

#
#Feature attribute names
#
@0 .nomenclature
@1 .string
@2 .string_angle

#
#Feature attribute text strings
#
&0 \*

#
#Layer features
#
A 104.2162 88.2142 104.2162 88.8238 104.2162 88.519 2 P 0 N
A 132.4139973 82.63907018 132.54006004 82.51300744 132.54100238 82.64001252 1 P 0 N
A 132.54006004 87.41300272 132.4139973 87.28693998 132.54100238 87.28599764 1 P 0 N
A 133.81099984 85.62230018 133.81099984 86.81610018 133.81099984 86.21920018 1 P 0 N
A 133.81099984 86.81610018 133.81099984 85.62230018 133.81099984 86.21920018 1 P 0 N
A 136.18793184 82.51300744 136.31399458 82.63907018 136.1869895 82.64001252 1 P 0 N
A 136.31399458 87.28693998 136.18793184 87.41300272 136.1869895 87.28599764 1 P 0 N
A 142.494 96.774 142.494 96.774 141.224 96.774 0 P 0 N
A 142.494 99.695 142.494 99.695 141.224 99.695 0 P 0 N
L 101.8580005 72.4670001 101.8580005 75.1069999 3 P 0
L 101.8580005 72.4670001 107.4379995 72.4670001 3 P 0
L 101.8580005 75.1069999 107.4379995 75.1069999 3 P 0
L 104.2162 87.7189 104.2162 89.3191 2 P 0
L 104.2162 87.7189 107.1118 87.7189 2 P 0
L 104.2162 89.3191 107.1118 89.3191 2 P 0
L 104.36720808 87.6554 105.21360212 88.50179404 4 P 0 ;0,1=0,2=90.000000
L 104.45999936 87.122 104.45999936 87.7189 2 P 0
L 104.45999936 87.122 104.96799936 87.122 2 P 0
L 104.45999936 87.7189 104.96799936 87.7189 2 P 0
L 104.45999936 89.3191 104.45999936 89.916 2 P 0
L 104.45999936 89.3191 104.96799936 89.3191 2 P 0
L 104.45999936 89.916 104.96799936 89.916 2 P 0
L 104.7904051 87.6554 104.7904051 88.50179404 4 P 0 ;0,1=0,2=90.000000
L 104.96799936 87.122 104.96799936 87.7189 2 P 0
L 104.96799936 89.3191 104.96799936 89.916 2 P 0
L 105.21360212 87.6554 104.36720808 88.50179404 4 P 0 ;0,1=0,2=90.000000
L 105.21360212 88.07859702 104.36720808 88.07859702 4 P 0 ;0,1=0,2=90.000000
L 105.41 87.122 105.41 87.7189 2 P 0
L 105.41 87.122 105.918 87.122 2 P 0
L 105.41 87.7189 105.918 87.7189 2 P 0
L 105.918 87.122 105.918 87.7189 2 P 0
L 106.36000064 87.122 106.36000064 87.7189 2 P 0
L 106.36000064 87.122 106.86800064 87.122 2 P 0
L 106.36000064 87.7189 106.86800064 87.7189 2 P 0
L 106.36000064 89.3191 106.36000064 89.916 2 P 0
L 106.36000064 89.3191 106.86800064 89.3191 2 P 0
L 106.36000064 89.916 106.86800064 89.916 2 P 0
L 106.86800064 87.122 106.86800064 87.7189 2 P 0
L 106.86800064 89.3191 106.86800064 89.916 2 P 0
L 107.1118 87.7189 107.1118 89.3191 2 P 0
L 107.4379995 72.4670001 107.4379995 75.1069999 3 P 0
L 109.37500096 97.54999794 110.625001 97.54999794 0 P 0
L 109.62500046 93.95000006 110.8750005 93.95000006 0 P 0
L 112.37500004 92.20000102 113.62500008 92.20000102 0 P 0
L 117.02299938 90.47999938 117.02299938 97.48000062 3 P 0
L 117.02299938 90.47999938 124.02300062 90.47999938 3 P 0
L 117.02299938 97.48000062 124.02300062 97.48000062 3 P 0
L 117.41200038 72.39 117.41200038 77.47 0 P 0
L 117.41200038 72.39 125.41199962 72.39 0 P 0
L 117.41200038 77.47 125.41199962 77.47 0 P 0
L 124.02300062 90.47999938 124.02300062 97.48000062 3 P 0
L 125.41199962 72.39 125.41199962 77.47 0 P 0
L 131.36398924 82.86800038 131.36398924 83.24800978 1 P 0
L 131.36398924 82.86800038 131.77679004 82.86800038 1 P 0
L 131.36398924 83.24800978 131.77679004 83.24800978 1 P 0
L 131.36398924 84.13800038 131.36398924 84.51800978 1 P 0
L 131.36398924 84.13800038 131.77679004 84.13800038 1 P 0
L 131.36398924 84.51800978 131.77679004 84.51800978 1 P 0
L 131.36398924 85.40800038 131.36398924 85.78800978 1 P 0
L 131.36398924 85.40800038 131.77679004 85.40800038 1 P 0
L 131.36398924 85.78800978 131.77679004 85.78800978 1 P 0
L 131.36398924 86.67800038 131.36398924 87.05800978 1 P 0
L 131.36398924 86.67800038 131.77679004 86.67800038 1 P 0
L 131.36398924 87.05800978 131.77679004 87.05800978 1 P 0
L 131.77679004 82.86800038 131.99075964 82.86800038 1 P 0
L 131.77679004 83.24800978 131.99075964 83.24800978 1 P 0
L 131.77679004 84.13800038 131.99075964 84.13800038 1 P 0
L 131.77679004 84.51800978 131.99075964 84.51800978 1 P 0
L 131.77679004 85.40800038 131.99075964 85.40800038 1 P 0
L 131.77679004 85.78800978 131.99075964 85.78800978 1 P 0
L 131.77679004 86.67800038 131.99075964 86.67800038 1 P 0
L 131.77679004 87.05800978 131.99075964 87.05800978 1 P 0
L 131.99075964 82.86800038 131.99075964 83.24800978 1 P 0
L 131.99075964 82.86800038 132.37074364 82.86800038 1 P 0
L 131.99075964 83.24800978 132.37074364 83.24800978 1 P 0
L 131.99075964 84.13800038 131.99075964 84.51800978 1 P 0
L 131.99075964 84.13800038 132.37074364 84.13800038 1 P 0
L 131.99075964 84.51800978 132.37074364 84.51800978 1 P 0
L 131.99075964 85.40800038 131.99075964 85.78800978 1 P 0
L 131.99075964 85.40800038 132.37074364 85.40800038 1 P 0
L 131.99075964 85.78800978 132.37074364 85.78800978 1 P 0
L 131.99075964 86.67800038 131.99075964 87.05800978 1 P 0
L 131.99075964 86.67800038 132.37074364 86.67800038 1 P 0
L 131.99075964 87.05800978 132.37074364 87.05800978 1 P 0
L 132.37074364 82.86800038 132.41399984 82.86800038 1 P 0
L 132.37074364 83.24800978 132.41399984 83.24800978 1 P 0
L 132.37074364 84.13800038 132.41399984 84.13800038 1 P 0
L 132.37074364 84.51800978 132.41399984 84.51800978 1 P 0
L 132.37074364 85.40800038 132.41399984 85.40800038 1 P 0
L 132.37074364 85.78800978 132.41399984 85.78800978 1 P 0
L 132.37074364 86.67800038 132.41399984 86.67800038 1 P 0
L 132.37074364 87.05800978 132.41399984 87.05800978 1 P 0
L 132.41399984 82.63907018 132.41399984 82.64000998 1 P 0
L 132.41399984 82.64000998 132.41399984 87.28600018 1 P 0
L 132.41399984 82.86800038 132.41399984 83.24800978 1 P 0
L 132.41399984 84.13800038 132.41399984 84.51800978 1 P 0
L 132.41399984 85.40800038 132.41399984 85.78800978 1 P 0
L 132.41399984 86.67800038 132.41399984 87.05800978 1 P 0
L 132.41399984 87.28600018 132.41399984 87.28693998 1 P 0
L 132.54006004 82.51300998 132.54099984 82.51300998 1 P 0
L 132.54006004 87.41300018 132.54099984 87.41300018 1 P 0
L 132.54099984 82.51300998 134.03401184 82.51300998 1 P 0
L 132.54099984 87.41300018 134.03401184 87.41300018 1 P 0
L 134.03401184 82.51300998 134.18399884 82.51300998 1 P 0
L 134.03401184 82.51300998 134.18399884 82.51300998 1 P 0
L 134.03401184 87.41300018 134.18399884 87.41300018 1 P 0
L 134.03401184 87.41300018 134.18399884 87.41300018 1 P 0
L 134.18399884 82.51300998 134.54399304 82.51300998 1 P 0
L 134.18399884 87.41300018 134.54399304 87.41300018 1 P 0
L 134.54399304 82.51300998 134.69400544 82.51300998 1 P 0
L 134.54399304 82.51300998 134.69400544 82.51300998 1 P 0
L 134.54399304 87.41300018 134.69400544 87.41300018 1 P 0
L 134.54399304 87.41300018 134.69400544 87.41300018 1 P 0
L 134.69400544 82.51300998 136.18699204 82.51300998 1 P 0
L 134.69400544 87.41300018 136.18699204 87.41300018 1 P 0
L 136.18699204 82.51300998 136.18793184 82.51300998 1 P 0
L 136.18699204 87.41300018 136.18793184 87.41300018 1 P 0
L 136.31399204 82.63907018 136.31399204 82.64000998 1 P 0
L 136.31399204 82.64000998 136.31399204 87.28600018 1 P 0
L 136.31399204 82.86800038 136.31399204 83.24800978 1 P 0
L 136.31399204 82.86800038 136.35724824 82.86800038 1 P 0
L 136.31399204 83.24800978 136.35724824 83.24800978 1 P 0
L 136.31399204 84.13800038 136.31399204 84.51800978 1 P 0
L 136.31399204 84.13800038 136.35724824 84.13800038 1 P 0
L 136.31399204 84.51800978 136.35724824 84.51800978 1 P 0
L 136.31399204 85.40800038 136.31399204 85.78800978 1 P 0
L 136.31399204 85.40800038 136.35724824 85.40800038 1 P 0
L 136.31399204 85.78800978 136.35724824 85.78800978 1 P 0
L 136.31399204 86.67800038 136.31399204 87.05800978 1 P 0
L 136.31399204 86.67800038 136.35724824 86.67800038 1 P 0
L 136.31399204 87.05800978 136.35724824 87.05800978 1 P 0
L 136.31399204 87.28600018 136.31399204 87.28693998 1 P 0
L 136.35724824 82.86800038 136.73725764 82.86800038 1 P 0
L 136.35724824 83.24800978 136.73725764 83.24800978 1 P 0
L 136.35724824 84.13800038 136.73725764 84.13800038 1 P 0
L 136.35724824 84.51800978 136.73725764 84.51800978 1 P 0
L 136.35724824 85.40800038 136.73725764 85.40800038 1 P 0
L 136.35724824 85.78800978 136.73725764 85.78800978 1 P 0
L 136.35724824 86.67800038 136.73725764 86.67800038 1 P 0
L 136.35724824 87.05800978 136.73725764 87.05800978 1 P 0
L 136.73725764 82.86800038 136.73725764 83.24800978 1 P 0
L 136.73725764 82.86800038 136.95120184 82.86800038 1 P 0
L 136.73725764 83.24800978 136.95120184 83.24800978 1 P 0
L 136.73725764 84.13800038 136.73725764 84.51800978 1 P 0
L 136.73725764 84.13800038 136.95120184 84.13800038 1 P 0
L 136.73725764 84.51800978 136.95120184 84.51800978 1 P 0
L 136.73725764 85.40800038 136.73725764 85.78800978 1 P 0
L 136.73725764 85.40800038 136.95120184 85.40800038 1 P 0
L 136.73725764 85.78800978 136.95120184 85.78800978 1 P 0
L 136.73725764 86.67800038 136.73725764 87.05800978 1 P 0
L 136.73725764 86.67800038 136.95120184 86.67800038 1 P 0
L 136.73725764 87.05800978 136.95120184 87.05800978 1 P 0
L 136.95120184 82.86800038 137.36400264 82.86800038 1 P 0
L 136.95120184 83.24800978 137.36400264 83.24800978 1 P 0
L 136.95120184 84.13800038 137.36400264 84.13800038 1 P 0
L 136.95120184 84.51800978 137.36400264 84.51800978 1 P 0
L 136.95120184 85.40800038 137.36400264 85.40800038 1 P 0
L 136.95120184 85.78800978 137.36400264 85.78800978 1 P 0
L 136.95120184 86.67800038 137.36400264 86.67800038 1 P 0
L 136.95120184 87.05800978 137.36400264 87.05800978 1 P 0
L 137.36400264 82.86800038 137.36400264 83.24800978 1 P 0
L 137.36400264 84.13800038 137.36400264 84.51800978 1 P 0
L 137.36400264 85.40800038 137.36400264 85.78800978 1 P 0
L 137.36400264 86.67800038 137.36400264 87.05800978 1 P 0
L 142.81499758 70.81499934 142.81499758 78.68500138 1 P 0
L 142.81499758 70.81499934 150.68499962 70.81499934 1 P 0
L 142.81499758 78.68500138 150.68499962 78.68500138 1 P 0
L 142.81499758 108.314998 142.81499758 116.18500004 1 P 0
L 142.81499758 108.314998 150.68499962 108.314998 1 P 0
L 142.81499758 116.18500004 150.68499962 116.18500004 1 P 0
L 150.68499962 70.81499934 150.68499962 78.68500138 1 P 0
L 150.68499962 108.314998 150.68499962 116.18500004 1 P 0
