UNITS=MM
#Layer_Color=9474304
#
#Feature symbol names
#
$0 r127
$1 r169.33164

#
#Feature attribute names
#

#
#Layer features
#
A 144.75799852 71.24500102 144.75799852 71.24500102 144.24999852 71.24500102 1 P 0 N
A 144.75799852 78.2549997 144.75799852 78.2549997 144.24999852 78.2549997 1 P 0 N
A 144.75799852 108.74499968 144.75799852 108.74499968 144.24999852 108.74499968 1 P 0 N
A 144.75799852 115.75499836 144.75799852 115.75499836 144.24999852 115.75499836 1 P 0 N
A 149.75799868 71.24500102 149.75799868 71.24500102 149.24999868 71.24500102 1 P 0 N
A 149.75799868 78.2549997 149.75799868 78.2549997 149.24999868 78.2549997 1 P 0 N
A 149.75799868 108.74499968 149.75799868 108.74499968 149.24999868 108.74499968 1 P 0 N
A 149.75799868 115.75499836 149.75799868 115.75499836 149.24999868 115.75499836 1 P 0 N
L 100.06752656 90.8404711 100.32152656 91.3484711 0 P 0
L 100.06752656 90.8404711 100.57552656 91.0944711 0 P 0
L 100.06752656 91.8564711 100.32152656 91.3484711 0 P 0
L 100.06752656 91.8564711 100.57552656 91.6024711 0 P 0
L 100.57552656 91.0944711 101.08352656 90.8404711 0 P 0
L 100.57552656 91.6024711 101.08352656 91.8564711 0 P 0
L 100.82952656 91.3484711 101.08352656 90.8404711 0 P 0
L 100.82952656 91.3484711 101.08352656 91.8564711 0 P 0
L 102.06752764 82.59047236 102.32152764 83.09847236 0 P 0
L 102.06752764 82.59047236 102.57552764 82.84447236 0 P 0
L 102.06752764 83.60647236 102.32152764 83.09847236 0 P 0
L 102.06752764 83.60647236 102.57552764 83.35247236 0 P 0
L 102.57552764 82.84447236 103.08352764 82.59047236 0 P 0
L 102.57552764 83.35247236 103.08352764 83.60647236 0 P 0
L 102.82952764 83.09847236 103.08352764 82.59047236 0 P 0
L 102.82952764 83.09847236 103.08352764 83.60647236 0 P 0
L 102.87 73.279 102.87 74.295 0 P 0
L 102.87 73.279 103.886 73.279 0 P 0
L 102.87 74.295 103.886 74.295 0 P 0
L 103.886 73.279 103.886 74.295 0 P 0
L 104.521 92.837 104.775 93.345 0 P 0
L 104.521 92.837 105.029 93.091 0 P 0
L 104.521 93.853 104.775 93.345 0 P 0
L 104.521 93.853 105.029 93.599 0 P 0
L 105.029 93.091 105.537 92.837 0 P 0
L 105.029 93.599 105.537 93.853 0 P 0
L 105.283 93.345 105.537 92.837 0 P 0
L 105.283 93.345 105.537 93.853 0 P 0
L 105.41 73.279 105.41 74.295 0 P 0
L 105.41 73.279 106.426 73.279 0 P 0
L 105.41 74.295 106.426 74.295 0 P 0
L 106.426 73.279 106.426 74.295 0 P 0
L 117.983 91.186 118.237 91.694 0 P 0
L 117.983 91.186 118.491 91.44 0 P 0
L 117.983 92.202 118.237 91.694 0 P 0
L 117.983 92.202 118.491 91.948 0 P 0
L 118.364 73.152 118.364 74.168 0 P 0
L 118.364 73.152 119.38 73.152 0 P 0
L 118.364 74.168 119.38 74.168 0 P 0
L 118.364 75.692 118.364 76.708 0 P 0
L 118.364 75.692 119.38 75.692 0 P 0
L 118.364 76.708 119.38 76.708 0 P 0
L 118.491 91.44 118.999 91.186 0 P 0
L 118.491 91.948 118.999 92.202 0 P 0
L 118.745 91.694 118.999 91.186 0 P 0
L 118.745 91.694 118.999 92.202 0 P 0
L 119.38 73.152 119.38 74.168 0 P 0
L 119.38 75.692 119.38 76.708 0 P 0
L 119.7420008 99.49200066 119.9960008 100.00000066 0 P 0
L 119.7420008 99.49200066 120.2500008 99.74600066 0 P 0
L 119.7420008 100.50800066 119.9960008 100.00000066 0 P 0
L 119.7420008 100.50800066 120.2500008 100.25400066 0 P 0
L 120.2500008 99.74600066 120.7580008 99.49200066 0 P 0
L 120.2500008 100.25400066 120.7580008 100.50800066 0 P 0
L 120.5040008 100.00000066 120.7580008 99.49200066 0 P 0
L 120.5040008 100.00000066 120.7580008 100.50800066 0 P 0
L 120.904 73.152 120.904 74.168 0 P 0
L 120.904 73.152 121.92 73.152 0 P 0
L 120.904 74.168 121.92 74.168 0 P 0
L 120.904 75.692 120.904 76.708 0 P 0
L 120.904 75.692 121.92 75.692 0 P 0
L 120.904 76.708 121.92 76.708 0 P 0
L 121.92 73.152 121.92 74.168 0 P 0
L 121.92 75.692 121.92 76.708 0 P 0
L 123.444 73.152 123.444 74.168 0 P 0
L 123.444 73.152 124.46 73.152 0 P 0
L 123.444 74.168 124.46 74.168 0 P 0
L 123.444 75.692 123.444 76.708 0 P 0
L 123.444 75.692 124.46 75.692 0 P 0
L 123.444 76.708 124.46 76.708 0 P 0
L 124.46 73.152 124.46 74.168 0 P 0
L 124.46 75.692 124.46 76.708 0 P 0
L 126.2420005 90.74200038 126.4960005 91.25000038 0 P 0
L 126.2420005 90.74200038 126.7500005 90.99600038 0 P 0
L 126.2420005 91.75800038 126.4960005 91.25000038 0 P 0
L 126.2420005 91.75800038 126.7500005 91.50400038 0 P 0
L 126.2420005 92.7720014 126.4960005 93.2800014 0 P 0
L 126.2420005 92.7720014 126.7500005 93.0260014 0 P 0
L 126.2420005 93.7880014 126.4960005 93.2800014 0 P 0
L 126.2420005 93.7880014 126.7500005 93.5340014 0 P 0
L 126.7419995 104.74200032 126.9959995 105.25000032 0 P 0
L 126.7419995 104.74200032 127.2499995 104.99600032 0 P 0
L 126.7419995 105.75800032 126.9959995 105.25000032 0 P 0
L 126.7419995 105.75800032 127.2499995 105.50400032 0 P 0
L 126.7500005 90.99600038 127.2580005 90.74200038 0 P 0
L 126.7500005 91.50400038 127.2580005 91.75800038 0 P 0
L 126.7500005 93.0260014 127.2580005 92.7720014 0 P 0
L 126.7500005 93.5340014 127.2580005 93.7880014 0 P 0
L 127.0040005 91.25000038 127.2580005 90.74200038 0 P 0
L 127.0040005 91.25000038 127.2580005 91.75800038 0 P 0
L 127.0040005 93.2800014 127.2580005 92.7720014 0 P 0
L 127.0040005 93.2800014 127.2580005 93.7880014 0 P 0
L 127.2499995 104.99600032 127.7579995 104.74200032 0 P 0
L 127.2499995 105.50400032 127.7579995 105.75800032 0 P 0
L 127.5039995 105.25000032 127.7579995 104.74200032 0 P 0
L 127.5039995 105.25000032 127.7579995 105.75800032 0 P 0
L 128.24199904 89.24200084 128.49599904 89.75000084 0 P 0
L 128.24199904 89.24200084 128.74999904 89.49600084 0 P 0
L 128.24199904 90.25800084 128.49599904 89.75000084 0 P 0
L 128.24199904 90.25800084 128.74999904 90.00400084 0 P 0
L 128.74999904 89.49600084 129.25799904 89.24200084 0 P 0
L 128.74999904 90.00400084 129.25799904 90.25800084 0 P 0
L 129.00399904 89.75000084 129.25799904 89.24200084 0 P 0
L 129.00399904 89.75000084 129.25799904 90.25800084 0 P 0
L 129.032 87.63 129.286 88.138 0 P 0
L 129.032 87.63 129.54 87.884 0 P 0
L 129.032 88.646 129.286 88.138 0 P 0
L 129.032 88.646 129.54 88.392 0 P 0
L 129.54 87.884 130.048 87.63 0 P 0
L 129.54 88.392 130.048 88.646 0 P 0
L 129.794 88.138 130.048 87.63 0 P 0
L 129.794 88.138 130.048 88.646 0 P 0
L 133.49200124 85.49200072 133.74600124 86.00000072 0 P 0
L 133.49200124 85.49200072 134.00000124 85.74600072 0 P 0
L 133.49200124 86.50800072 133.74600124 86.00000072 0 P 0
L 133.49200124 86.50800072 134.00000124 86.25400072 0 P 0
L 134.00000124 85.74600072 134.50800124 85.49200072 0 P 0
L 134.00000124 86.25400072 134.50800124 86.50800072 0 P 0
L 134.25400124 86.00000072 134.50800124 85.49200072 0 P 0
L 134.25400124 86.00000072 134.50800124 86.50800072 0 P 0
L 134.32552764 76.87547236 134.57952764 77.38347236 0 P 0
L 134.32552764 76.87547236 134.83352764 77.12947236 0 P 0
L 134.32552764 77.89147236 134.57952764 77.38347236 0 P 0
L 134.32552764 77.89147236 134.83352764 77.63747236 0 P 0
L 134.83352764 77.12947236 135.34152764 76.87547236 0 P 0
L 134.83352764 77.63747236 135.34152764 77.89147236 0 P 0
L 135.08752764 77.38347236 135.34152764 76.87547236 0 P 0
L 135.08752764 77.38347236 135.34152764 77.89147236 0 P 0
L 136.525 76.835 136.779 77.343 0 P 0
L 136.525 76.835 137.033 77.089 0 P 0
L 136.525 77.851 136.779 77.343 0 P 0
L 136.525 77.851 137.033 77.597 0 P 0
L 137.033 77.089 137.541 76.835 0 P 0
L 137.033 77.597 137.541 77.851 0 P 0
L 137.287 77.343 137.541 76.835 0 P 0
L 137.287 77.343 137.541 77.851 0 P 0
L 138.811 85.02899936 139.065 85.53699936 0 P 0
L 138.811 85.02899936 139.319 85.28299936 0 P 0
L 138.811 86.04499936 139.065 85.53699936 0 P 0
L 138.811 86.04499936 139.319 85.79099936 0 P 0
L 138.811 86.52900144 139.065 87.03700144 0 P 0
L 138.811 86.52900144 139.319 86.78300144 0 P 0
L 138.811 87.54500144 139.065 87.03700144 0 P 0
L 138.811 87.54500144 139.319 87.29100144 0 P 0
L 139.319 85.28299936 139.827 85.02899936 0 P 0
L 139.319 85.79099936 139.827 86.04499936 0 P 0
L 139.319 86.78300144 139.827 86.52900144 0 P 0
L 139.319 87.29100144 139.827 87.54500144 0 P 0
L 139.573 85.53699936 139.827 85.02899936 0 P 0
L 139.573 85.53699936 139.827 86.04499936 0 P 0
L 139.573 87.03700144 139.827 86.52900144 0 P 0
L 139.573 87.03700144 139.827 87.54500144 0 P 0
L 140.716 97.282 141.224 96.266 0 P 0
L 140.716 97.282 141.732 97.282 0 P 0
L 140.716 100.203 141.224 99.187 0 P 0
L 140.716 100.203 141.732 100.203 0 P 0
L 141.224 96.266 141.732 97.282 0 P 0
L 141.224 99.187 141.732 100.203 0 P 0
